40 394 1
1 3 1
1 4 1
1 8 1
1 15 1
1 17 1
1 18 1
1 20 1
1 21 1
1 22 1
1 25 1
1 27 1
1 28 1
1 29 1
1 32 1
1 34 1
1 35 1
1 36 1
1 38 1
2 4 1
2 5 1
2 6 1
2 7 1
2 8 1
2 9 1
2 11 1
2 13 1
2 14 1
2 18 1
2 19 1
2 20 1
2 23 1
2 32 1
2 33 1
2 34 1
2 35 1
2 37 1
2 38 1
2 39 1
3 4 1
3 6 1
3 7 1
3 10 1
3 12 1
3 13 1
3 17 1
3 18 1
3 19 1
3 21 1
3 22 1
3 23 1
3 28 1
3 29 1
3 31 1
3 32 1
3 33 1
3 34 1
3 35 1
3 40 1
4 7 1
4 10 1
4 13 1
4 14 1
4 17 1
4 18 1
4 20 1
4 22 1
4 24 1
4 26 1
4 31 1
4 32 1
4 34 1
4 36 1
4 38 1
4 39 1
5 6 1
5 8 1
5 9 1
5 10 1
5 12 1
5 15 1
5 17 1
5 18 1
5 22 1
5 24 1
5 25 1
5 28 1
5 31 1
5 32 1
5 34 1
5 35 1
5 36 1
5 37 1
5 39 1
6 7 1
6 10 1
6 14 1
6 15 1
6 21 1
6 22 1
6 26 1
6 28 1
6 30 1
6 32 1
6 36 1
6 37 1
6 39 1
7 8 1
7 10 1
7 11 1
7 13 1
7 16 1
7 17 1
7 20 1
7 24 1
7 26 1
7 27 1
7 28 1
7 31 1
7 34 1
7 35 1
7 36 1
7 39 1
7 40 1
8 9 1
8 10 1
8 12 1
8 14 1
8 15 1
8 16 1
8 19 1
8 22 1
8 24 1
8 25 1
8 26 1
8 27 1
8 28 1
8 30 1
8 32 1
8 35 1
8 37 1
8 38 1
8 39 1
8 40 1
9 10 1
9 11 1
9 12 1
9 16 1
9 18 1
9 19 1
9 23 1
9 35 1
9 36 1
9 37 1
9 38 1
10 13 1
10 16 1
10 18 1
10 22 1
10 23 1
10 25 1
10 28 1
10 31 1
10 32 1
10 33 1
10 39 1
11 14 1
11 15 1
11 16 1
11 17 1
11 18 1
11 20 1
11 21 1
11 23 1
11 24 1
11 26 1
11 28 1
11 29 1
11 30 1
11 32 1
11 33 1
11 34 1
11 36 1
11 37 1
11 39 1
12 13 1
12 15 1
12 17 1
12 19 1
12 21 1
12 23 1
12 24 1
12 26 1
12 27 1
12 29 1
12 30 1
12 31 1
12 32 1
12 33 1
12 34 1
12 36 1
12 39 1
13 14 1
13 15 1
13 17 1
13 21 1
13 22 1
13 23 1
13 25 1
13 26 1
13 27 1
13 28 1
13 29 1
13 32 1
13 34 1
13 36 1
13 38 1
13 39 1
14 15 1
14 16 1
14 18 1
14 20 1
14 21 1
14 24 1
14 26 1
14 28 1
14 31 1
14 33 1
14 34 1
14 35 1
14 36 1
14 37 1
14 40 1
15 18 1
15 20 1
15 24 1
15 25 1
15 32 1
15 37 1
16 19 1
16 22 1
16 23 1
16 26 1
16 27 1
16 28 1
16 30 1
16 32 1
16 35 1
16 37 1
16 40 1
17 18 1
17 19 1
17 22 1
17 23 1
17 25 1
17 26 1
17 28 1
17 36 1
17 37 1
17 38 1
17 40 1
18 21 1
18 26 1
18 28 1
18 30 1
18 35 1
18 36 1
18 37 1
18 38 1
18 40 1
19 20 1
19 25 1
19 29 1
19 30 1
19 33 1
19 35 1
19 36 1
19 37 1
19 38 1
20 22 1
20 23 1
20 24 1
20 25 1
20 26 1
20 27 1
20 28 1
20 30 1
20 31 1
20 37 1
20 38 1
20 39 1
21 22 1
21 23 1
21 25 1
21 26 1
21 28 1
21 30 1
21 32 1
21 33 1
21 36 1
21 37 1
21 40 1
22 23 1
22 25 1
22 29 1
22 30 1
22 31 1
22 32 1
22 35 1
22 38 1
22 39 1
22 40 1
23 25 1
23 26 1
23 31 1
23 32 1
23 34 1
23 37 1
23 38 1
23 39 1
24 26 1
24 28 1
24 29 1
24 30 1
24 33 1
24 34 1
24 35 1
24 37 1
24 38 1
24 39 1
24 40 1
25 26 1
25 27 1
25 29 1
25 31 1
25 33 1
25 35 1
25 37 1
25 38 1
25 39 1
25 40 1
26 27 1
26 28 1
26 29 1
26 31 1
26 32 1
26 33 1
26 36 1
26 39 1
27 28 1
27 29 1
27 31 1
27 32 1
27 34 1
27 35 1
27 37 1
28 30 1
28 33 1
28 34 1
28 36 1
28 38 1
28 39 1
28 40 1
29 30 1
29 31 1
29 32 1
29 34 1
29 35 1
29 36 1
29 40 1
30 31 1
30 32 1
30 36 1
30 37 1
30 38 1
30 39 1
30 40 1
31 36 1
31 37 1
31 39 1
32 34 1
32 36 1
32 38 1
33 34 1
33 36 1
34 36 1
34 38 1
34 40 1
35 38 1
35 39 1
36 39 1
36 40 1
37 40 1
38 40 1
39 40 1
