20 96 1
1 2 1
1 4 1
1 6 1
1 7 1
1 9 1
1 13 1
1 14 1
1 16 1
1 17 1
1 20 1
2 3 1
2 4 1
2 9 1
2 11 1
2 12 1
2 14 1
2 15 1
2 17 1
2 19 1
2 20 1
3 4 1
3 7 1
3 10 1
3 11 1
3 12 1
3 15 1
3 16 1
3 20 1
4 5 1
4 7 1
4 8 1
4 11 1
4 13 1
4 14 1
4 18 1
5 6 1
5 7 1
5 9 1
5 15 1
5 17 1
5 18 1
5 19 1
5 20 1
6 7 1
6 9 1
6 10 1
6 12 1
6 13 1
6 14 1
6 16 1
6 17 1
6 20 1
7 8 1
7 12 1
7 14 1
7 16 1
7 18 1
7 20 1
8 9 1
8 12 1
8 18 1
8 20 1
9 10 1
9 13 1
9 15 1
9 16 1
9 17 1
9 19 1
10 13 1
10 14 1
10 15 1
10 16 1
10 18 1
10 19 1
11 14 1
11 15 1
11 17 1
11 18 1
11 19 1
12 15 1
12 16 1
13 14 1
13 15 1
13 17 1
13 18 1
13 19 1
14 15 1
14 17 1
14 19 1
14 20 1
15 17 1
16 17 1
16 18 1
17 19 1
17 20 1
18 20 1
