50 620 1
1 2 1
1 6 1
1 7 1
1 9 1
1 11 1
1 12 1
1 13 1
1 14 1
1 15 1
1 16 1
1 19 1
1 20 1
1 25 1
1 26 1
1 27 1
1 28 1
1 31 1
1 32 1
1 36 1
1 39 1
1 40 1
1 41 1
1 45 1
1 46 1
1 47 1
1 49 1
2 4 1
2 5 1
2 6 1
2 9 1
2 11 1
2 13 1
2 15 1
2 16 1
2 17 1
2 18 1
2 19 1
2 22 1
2 25 1
2 26 1
2 30 1
2 31 1
2 32 1
2 37 1
2 39 1
2 40 1
2 43 1
2 44 1
2 45 1
2 47 1
2 48 1
2 50 1
3 5 1
3 7 1
3 10 1
3 11 1
3 12 1
3 14 1
3 22 1
3 23 1
3 24 1
3 25 1
3 26 1
3 27 1
3 28 1
3 29 1
3 31 1
3 32 1
3 33 1
3 34 1
3 35 1
3 36 1
3 37 1
3 38 1
3 39 1
3 40 1
3 41 1
3 48 1
3 49 1
3 50 1
4 5 1
4 6 1
4 14 1
4 15 1
4 16 1
4 24 1
4 26 1
4 27 1
4 28 1
4 32 1
4 33 1
4 34 1
4 36 1
4 37 1
4 38 1
4 43 1
4 44 1
5 6 1
5 7 1
5 8 1
5 11 1
5 14 1
5 16 1
5 21 1
5 23 1
5 26 1
5 28 1
5 29 1
5 33 1
5 34 1
5 38 1
5 39 1
5 40 1
5 42 1
5 43 1
5 44 1
5 45 1
5 46 1
5 47 1
5 48 1
5 49 1
6 7 1
6 8 1
6 10 1
6 11 1
6 12 1
6 15 1
6 16 1
6 17 1
6 18 1
6 21 1
6 22 1
6 23 1
6 24 1
6 25 1
6 26 1
6 27 1
6 28 1
6 31 1
6 34 1
6 35 1
6 36 1
6 37 1
6 38 1
6 39 1
6 41 1
6 43 1
6 44 1
6 45 1
6 46 1
6 47 1
6 48 1
6 50 1
7 8 1
7 13 1
7 18 1
7 19 1
7 20 1
7 21 1
7 25 1
7 27 1
7 28 1
7 29 1
7 30 1
7 32 1
7 33 1
7 35 1
7 37 1
7 38 1
7 42 1
7 45 1
7 46 1
7 48 1
7 49 1
7 50 1
8 10 1
8 15 1
8 17 1
8 18 1
8 19 1
8 20 1
8 21 1
8 22 1
8 23 1
8 26 1
8 27 1
8 28 1
8 31 1
8 32 1
8 34 1
8 35 1
8 37 1
8 41 1
8 44 1
8 45 1
8 46 1
8 49 1
8 50 1
9 10 1
9 12 1
9 13 1
9 15 1
9 16 1
9 18 1
9 23 1
9 29 1
9 30 1
9 32 1
9 33 1
9 34 1
9 35 1
9 41 1
9 43 1
9 46 1
9 47 1
9 49 1
9 50 1
10 15 1
10 16 1
10 19 1
10 20 1
10 23 1
10 25 1
10 28 1
10 29 1
10 30 1
10 31 1
10 32 1
10 34 1
10 35 1
10 36 1
10 37 1
10 38 1
10 40 1
10 43 1
10 44 1
10 45 1
10 47 1
10 48 1
10 50 1
11 12 1
11 15 1
11 20 1
11 21 1
11 24 1
11 30 1
11 32 1
11 33 1
11 35 1
11 37 1
11 39 1
11 40 1
11 41 1
11 42 1
11 47 1
11 48 1
11 49 1
12 14 1
12 16 1
12 19 1
12 21 1
12 25 1
12 27 1
12 28 1
12 30 1
12 36 1
12 37 1
12 41 1
12 42 1
12 45 1
12 47 1
12 48 1
12 49 1
12 50 1
13 16 1
13 17 1
13 20 1
13 22 1
13 25 1
13 30 1
13 33 1
13 36 1
13 39 1
13 42 1
13 44 1
13 46 1
13 47 1
13 48 1
13 50 1
14 15 1
14 17 1
14 18 1
14 19 1
14 21 1
14 24 1
14 25 1
14 26 1
14 28 1
14 29 1
14 32 1
14 34 1
14 35 1
14 37 1
14 38 1
14 39 1
14 42 1
14 44 1
14 46 1
14 47 1
14 48 1
14 49 1
14 50 1
15 18 1
15 20 1
15 21 1
15 24 1
15 27 1
15 30 1
15 33 1
15 35 1
15 38 1
15 39 1
15 41 1
15 43 1
15 45 1
15 46 1
16 18 1
16 22 1
16 26 1
16 28 1
16 31 1
16 33 1
16 35 1
16 38 1
16 39 1
16 40 1
16 41 1
16 46 1
16 47 1
16 48 1
16 49 1
16 50 1
17 19 1
17 21 1
17 22 1
17 26 1
17 27 1
17 32 1
17 33 1
17 37 1
17 38 1
17 39 1
17 40 1
17 42 1
17 44 1
17 45 1
17 46 1
17 47 1
17 49 1
17 50 1
18 20 1
18 21 1
18 27 1
18 28 1
18 29 1
18 31 1
18 32 1
18 34 1
18 39 1
18 44 1
18 47 1
18 49 1
18 50 1
19 22 1
19 23 1
19 24 1
19 25 1
19 28 1
19 29 1
19 31 1
19 32 1
19 37 1
19 38 1
19 40 1
19 46 1
19 47 1
19 48 1
19 49 1
20 24 1
20 26 1
20 27 1
20 28 1
20 31 1
20 32 1
20 33 1
20 34 1
20 35 1
20 36 1
20 39 1
20 40 1
20 41 1
20 43 1
20 44 1
20 46 1
20 47 1
20 48 1
20 50 1
21 23 1
21 24 1
21 25 1
21 26 1
21 29 1
21 31 1
21 34 1
21 36 1
21 38 1
21 39 1
21 40 1
21 42 1
21 44 1
21 47 1
21 48 1
21 49 1
22 24 1
22 25 1
22 27 1
22 30 1
22 33 1
22 36 1
22 37 1
22 40 1
22 41 1
22 42 1
22 44 1
22 45 1
22 46 1
22 48 1
23 24 1
23 26 1
23 27 1
23 29 1
23 31 1
23 35 1
23 36 1
23 37 1
23 39 1
23 40 1
23 41 1
23 42 1
23 49 1
24 25 1
24 26 1
24 28 1
24 32 1
24 37 1
24 40 1
24 41 1
24 42 1
24 43 1
24 45 1
24 46 1
24 47 1
24 49 1
24 50 1
25 26 1
25 27 1
25 30 1
25 32 1
25 35 1
25 36 1
25 37 1
25 38 1
25 39 1
25 40 1
25 41 1
25 45 1
25 46 1
25 49 1
26 27 1
26 28 1
26 29 1
26 31 1
26 32 1
26 33 1
26 34 1
26 35 1
26 36 1
26 38 1
26 39 1
26 46 1
26 47 1
26 48 1
26 50 1
27 34 1
27 36 1
27 38 1
27 40 1
27 42 1
27 43 1
27 47 1
28 29 1
28 30 1
28 32 1
28 33 1
28 34 1
28 36 1
28 37 1
28 38 1
28 42 1
28 48 1
29 30 1
29 33 1
29 34 1
29 38 1
29 40 1
29 41 1
29 42 1
29 46 1
29 48 1
29 50 1
30 32 1
30 33 1
30 39 1
30 40 1
30 41 1
30 43 1
30 44 1
30 45 1
30 46 1
30 47 1
30 48 1
30 49 1
30 50 1
31 33 1
31 35 1
31 36 1
31 37 1
31 38 1
31 40 1
31 41 1
31 43 1
31 44 1
31 46 1
31 47 1
31 48 1
32 36 1
32 38 1
32 42 1
32 46 1
32 48 1
32 50 1
33 34 1
33 36 1
33 37 1
33 38 1
33 39 1
33 40 1
33 44 1
33 46 1
33 48 1
34 35 1
34 41 1
34 44 1
34 45 1
34 48 1
34 49 1
35 38 1
35 39 1
35 41 1
35 42 1
35 43 1
35 45 1
35 46 1
35 49 1
36 39 1
36 42 1
36 44 1
36 46 1
36 48 1
36 49 1
36 50 1
37 39 1
37 40 1
37 41 1
37 43 1
37 45 1
37 46 1
37 48 1
37 49 1
37 50 1
39 46 1
39 47 1
39 48 1
39 49 1
39 50 1
40 42 1
40 43 1
40 45 1
40 46 1
40 48 1
40 49 1
40 50 1
41 43 1
41 45 1
41 47 1
41 48 1
42 48 1
42 50 1
43 45 1
43 46 1
43 47 1
43 48 1
43 49 1
43 50 1
44 47 1
45 47 1
47 48 1
47 49 1
48 49 1
49 50 1
